301 313 77.1817192600653
308 301 73.02502720348204
315 286 76.09357997823722
323 276 73.72143634385202
331 265 72.43743199129489
338 255 71.15342763873775
346 245 71.76278563656147
352 234 71.15342763873775
366 216 71.15342763873775
374 207 71.19695321001089
381 196 73.07943416757345
388 187 75.11425462459195
395 180 74.4613710554951
402 174 72.58977149075082
409 167 74.2872687704026
417 161 73.65614798694233
424 155 73.65614798694233
431 151 73.72143634385202
439 146 74.2872687704026
446 141 75.54951033732317
454 137 76.18063112078346
459 135 76.09357997823722
468 132 76.18063112078346
475 130 76.71381936887921
483 128 76.71381936887921
490 126 77.24700761697497
504 126 77.24700761697497
511 126 76.71381936887921
518 128 75.54951033732317
525 128 76.81175190424375
531 129 76.93144722524482
538 132 77.33405875952121
545 134 76.18063112078346
551 138 77.1817192600653
558 141 77.1817192600653
567 145 76.58324265505985
574 150 77.72578890097932
581 154 77.13819368879217
588 160 77.1817192600653
594 166 76.71381936887921
601 173 75.47334058759522
608 179 76.18063112078346
615 186 75.47334058759522
621 194 77.1817192600653
667 262 73.65614798694233
672 273 74.2328618063112
678 287 74.78781284004353
684 297 76.53971708378673
690 310 75.38628944504896
