330 135 82.58061768498729
332 130 84.24891299175471
330 133 84.24891299175471
331 127 85.10859577738485
331 136 84.24891299175471
331 135 83.40642386183715
334 127 85.10859577738485
327 140 85.10859577738485
321 143 83.40642386183715
302 125 92.67380429093018
313 63 85.98600398127542
326 74 100.48966730341826
333 108 83.40642386183715
338 111 87.79623564403911
337 117 80.97711054547297
337 130 83.40642386183715
332 129 82.58061768498729
332 130 83.40642386183715
330 131 81.77100378611486
327 137 90.65915637156213
323 151 74.47002130521174
315 142 84.24891299175471
312 140 85.98600398127542
314 135 85.98600398127542
310 137 77.2281702424418
290 141 76.51965491911666
299 142 521.2901491364822
342 136 91.6554108371837
342 135 88.73023815089059
339 128 84.24891299175471
330 132 83.40642386183715
329 147 88.73023815089059
332 149 87.79623564403911
331 157 85.98600398127542
332 156 86.88169152274703
272 148 105.5777517238445
313 134 99.29336174028234
332 155 85.10859577738485
319 176 80.97711054547297
297 182 70.68341005240437
264 182 75.82402169257924
331 169 85.10859577738485
329 166 86.88169152274703
333 163 84.24891299175471
328 164 88.73023815089059
328 164 83.40642386183715
295 171 52.4568703533567
292 159 104.25802982729644
308 149 85.98600398127542
306 155 84.24891299175471
308 158 89.68432673315823
317 167 85.98600398127542
306 163 85.10859577738485
